V1	V2	V3	V4	V5	V6	V7	V8	V9	V10
-4.385267546	-4.397318734	-4.370589642	-4.400308456	-4.39392295	-4.395900753	-4.38251276	-4.394468027	-4.381086017	-4.387881465
-0.09296356	-0.093694127	-0.096590658	-0.097014508	-0.09805657	-0.097652503	-0.092781381	-0.092937113	-0.214659095	-0.096408319
-0.151983271	-0.104689661	-0.131336102	-0.142567314	-0.164336673	-0.137120738	-0.111271196	-0.120894215	-0.167591972	-0.133589302
0.049195154	0.062281453	0.068177651	0.068446716	0.07336659	0.068072473	0.060038663	0.06717828	0.048041788	0.063838159
0.102755616	0.109123554	0.099502739	0.107579588	0.108230613	0.112788071	0.103307604	0.095765013	0.095331424	0.094177572
0.059081007	0.044303055	0.061876023	0.027441271	0.043376184	0.056507903	0.049511832	0.030544303	0.046256534	0.088226072
0.154984421	0.155107693	0.127750194	0.161683616	0.141787274	0.137223007	0.15754355	0.157607408	0.164219382	0.139776014
0.09804631	0.300372591	0.315255397	0.312844393	0.314676799	0.314318448	0.300541098	0.313395183	0.095958454	0.315488104
0.050075629	0.04539277	0.046166891	0.04799756	0.049169782	0.048482667	0.048173189	0.044550736	0.048837745	0.039891804
0.035468851	0.057690376	0.045686394	0.050004545	0.048175507	0.044038335	0.037159949	0.050949176	0.041510427	0.034280166
-0.060954514	-0.059556776	-0.066906051	-0.03432996	-0.035464585	-0.061336191	-0.057375579	-0.023495091	-0.033674722	-0.0510247
-0.257362798	-0.054783706	-0.018675177	-0.013715941	-0.023342791	-0.046263501	-0.063949594	0.028887417	-0.141369764	-0.034655967
0.014543559	0.019468771	0.019066912	0.019003144	0.023049486	0.036076731	0.013745411	0.018868356	0.009009517	0.01455524
0.28255624	0.158002001	0.164533469	0.181236934	0.16090792	0.089749238	0.204548969	0.158648094	0.16633256	0.140710797
0.034696037	0.040452079	0.049238638	0.025986458	0.037985327	0.050269167	0.037004051	0.03303768	0.035709412	0.042866704
0.118439757	0.197072305	0.132101587	0.126638592	0.163732282	0.14304537	0.16951955	0.15684921	0.113665922	0.150323455
0.032376059	0.033569632	0.038390546	0.031084204	0.038069527	0.026812536	0.025300925	0.028144935	0.047510929	0.024762942
-0.065846224	-0.062139278	-0.061337575	-0.088552964	-0.095103508	-0.077987114	-0.079080138	-0.049981547	-0.092948603	-0.05538923
0.091830791	0.115053866	0.114815337	0.111048538	0.11114988	0.106379862	0.108939949	0.101951563	0.117625866	0.102570782
-0.104974063	-0.050260146	-0.07611735	-0.065675344	-0.096439883	-0.072747792	-0.027069207	-0.045454722	-0.089587971	-0.076862023
0.094514039	0.079573147	0.104063714	0.053209368	0.061449245	0.095630494	0.064544381	0.065223933	0.114648956	0.097572076
0.055519869	0.082992992	0.065758274	0.084742181	0.089780579	0.126530625	0.077225581	0.119959683	0.107765255	0.084519564
-0.006273434	-0.005943064	0.309676309	0.339348181	0.311716968	0.304744844	-0.00229138	0.322208712	0.317352219	0.294167926
0.430358895	0.426115931	0.1372125	0.096138958	0.137812937	0.130939792	0.426126248	0.122413841	0.128438612	0.170302537
0.026065829	0.016584185	0.034110507	0.014016914	0.022920889	0.01034041	0.023178339	0.02079357	0.015355463	0.024570135
0.338168074	0.263734547	0.229098078	0.319661525	0.260474704	0.281691804	0.293173044	0.243716568	0.267627102	0.308548506
0.299182196	0.334971212	0.289205078	0.302801494	0.327382476	0.331761546	0.293031064	0.315307321	0.282031576	0.290459345
-0.475066842	-0.739423138	-0.541488393	-0.524195789	-0.671835294	-0.573024922	-0.624934185	-0.835259678	-0.577399037	-0.962663547
0.095476844	0.093973126	0.079060867	0.120645784	0.122869844	0.128506705	0.077268111	0.074858297	0.086380035	0.138717656
-0.584848567	-0.620091533	-0.576345572	-0.590696698	-0.542786149	-0.567597754	-0.594416539	-0.632211805	-0.567477153	-0.613618561
-0.376576449	-0.475567279	-0.529279972	-0.652830079	-0.425901315	-0.501378867	-0.49257213	-0.564384771	-0.410376495	-0.552094944
0.313876722	0.346796999	0.340428296	0.309193298	0.33869769	0.381707841	0.33840826	0.339878902	0.321107713	0.356657567
-0.12437712	-0.111892441	-0.139384773	-0.120401384	-0.094402048	-0.129588544	-0.111917948	-0.111940092	-0.114672042	-0.133652856
-0.554805487	-0.550739754	-0.563816185	-0.559628901	-0.559571543	-0.523595964	-0.571197908	-0.558955114	-0.530330181	-0.547011187
0.03144851	0.048945871	0.036985727	0.043190354	0.011018312	0.078651863	0.013178503	0.054059292	0.054190991	0.014914311
-0.060875919	-0.048827263	-0.040123258	-0.053248181	-0.072275703	-0.036068314	-0.068150516	-0.019652306	-0.029711285	-0.022878352
0.017960797	0.19662064	0.069923519	0.21746099	0.011750666	0.009071638	0.046126871	0.229479749	0.088775356	0.146630541
-0.336488897	-0.438508323	-0.13884818	-0.462966137	-0.485486972	-0.383600746	-0.295011947	-0.416994056	-0.346068387	-0.370536119
0.116383795	0.132415223	0.124475138	0.129145386	0.120363842	0.1069536	0.131900422	0.118917509	0.116978614	0.112129354
0.144344067	0.124755752	0.130389746	0.143758915	0.139019842	0.139050647	0.110964963	0.134053278	0.141461033	0.128341184
0.184482084	0.186886432	0.168178228	0.26420596	0.25086624	0.210822107	0.180928378	0.842428254	0.169067202	0.746834066
0.061869924	0.012370924	0.030131339	0.014343531	0.064385532	0.066227245	0.009300833	0.024764362	0.052549332	0.005987399
0.105368634	0.130943288	0.115482342	0.133743092	0.134780866	0.105465448	0.171457894	0.143722684	0.108774817	0.15702925
0.064092502	0.04603462	0.048524162	0.063363175	0.052341233	0.059506613	0.033197997	0.043654143	0.048214303	0.069481163
0.046326504	0.035408617	0.045025968	0.044692632	0.037683718	0.026352809	0.014541003	0.036281993	0.035315986	0.034029821
0.021765696	0.013200208	0.009329091	0.014509575	0.012639757	0.026812404	0.040274692	0.017719662	0.016211238	0.016340023
0.109641168	0.088947303	0.080199153	0.084553354	0.090889589	0.094972581	0.079279151	0.080508556	0.082035331	0.091897719
-0.23557904	-0.221995391	-0.204491417	-0.241555183	-0.393673845	-0.166104112	-0.23247321	-0.206771559	-0.231184328	-0.21580862
0.15121133	0.132428757	0.135377079	0.155774627	0.148977307	0.13954881	0.121062061	0.15594884	0.127142434	0.119984189
-0.200072433	-0.19170027	-0.190032966	-0.173732744	-0.162349007	-0.171112793	-0.215001504	-0.151093678	-0.157117684	-0.174114545
0.002500593	0.024991692	0.064835463	0.048752548	0.030755032	0.03769324	0.058557144	0.022102231	0.042067433	0.053536189
0.041241141	0.026448683	0.026856222	0.018163496	0.06512801	0.012720853	0.013071808	0.01474765	0.012053676	0.007572573
0.039526497	0.055172186	0.027362886	0.037011578	0.023516696	0.047016212	0.050827508	0.033897114	0.050908515	0.04076304
0.069255758	0.049643018	0.082013012	0.078683377	0.028280208	0.066898671	0.064438744	0.068255123	0.0827074	0.08170947
0.167071145	0.177176958	0.173015215	0.176509301	0.171953358	0.180469253	0.174498425	0.1869202	0.170484165	0.171822629
0.153094141	0.138319045	0.121564312	0.104379453	0.115380255	0.112856866	0.142937016	0.123891362	0.118936382	0.124682609
-0.116184788	-0.103074308	-0.118926272	-0.113483803	-0.139598737	-0.145902558	-0.115476549	-0.128617821	-0.133604994	-0.112340954
-0.06588874	-0.059185014	-0.024833284	-0.061123329	-0.045181062	-0.05918147	-0.055035641	-0.049329069	-0.060694182	-0.057914865
-0.546399516	-0.653949044	-0.789174173	-0.342816134	-0.565753678	-1.41078635	-0.367528826	-0.729898468	-0.477688124	-1.357274393
-0.17150787	-0.157836175	-0.156421865	-0.162237054	-0.172006662	-0.160165378	-0.168318589	-0.174633955	-0.172840622	-0.162713402
-0.057821194	-0.045363458	-0.071272511	-0.07137226	-0.075312846	-0.049636647	-0.02288973	-0.073411452	-0.060827647	-0.041277823
-0.185301897	-0.152266041	-0.136984171	-0.256562954	-0.358356671	-0.177824573	-0.281076918	-0.330034835	-0.203947623	-0.248029328